8
2 1 300
3 2 800
3 1 1000
8 1 1700
4 3 1200
5 4 1500
6 4 1000
6 8 1400
6 7 900
7 8 1000
5 6 250
0 0 0

// Book Example Page 265 Figure 4.17
8
5 6 250
5 4 1500
6 4 1000
6 7 900
6 8 1400
4 3 1200
7 8 1000
8 1 1700
3 1 1000
3 2 800
2 1 300
0 0 0

// Book Exercise Page 267 Figure 4.19
8
2 1 55
1 3 25
1 4 45
4 8 30
2 5 5
3 5 40
5 4 20
8 7 50
4 8 30
5 7 15
5 6 35
6 7 10
0 0 0


// Book Exercise Page 266 Figure 4.20
6
6 5 10
5 4 15
6 4 4
2 5 10
2 6 30
3 6 10
3 4 4
2 1 2
1 2 20
1 3 15
0 0 0

0 0 0
0 0 0

Book Most Popular Example:
8
2 1 300
3 2 800
3 1 1000
8 1 1700
4 3 1200
5 4 1500
6 4 1000
6 8 1400
6 7 900
7 8 1000
5 6 250
0 0 0